{
"name": "PMTINFO",
"valid_begin": [0, 0],
"valid_end": [0, 0],
"x": [-212.500000, 212.500000, 0.000000, 0.000000, 0.000000, 0.000000],
"y": [0.000000, 0.000000, 212.500000, -212.500000, 0.000000, 0.000000],
"z": [0.000000, 0.000000, 0.000000, 0.000000, 212.500000, -212.500000],
"dir_x": [1.000000, -1.000000, 0.000000, 0.000000, 0.000000, 0.000000],
"dir_y": [0.000000, 0.000000, -1.000000, 1.000000, 0.000000, 0.000000],
"dir_z": [0.000000, 0.000000, 0.000000, 0.000000, -1.000000, 1.000000],
"type": [1, 1, 1, 1, 1, 1],
}

