{
"name": "PMTINFO",
"valid_begin": [0, 0],
"valid_end": [0, 0],
"x": [-295.000000, 0.000000],
"y": [0.000000, -295.000000],
"z": [0.000000, 0.000000],
"type": [1, 1],
}

